500 128 128
1 0 0 0 0 0 0 0 1 1 0 0 0 0 1 1 0 0 1 1 1 0 1 0 1 1 1 1 0 0 1 1 1 1 1 1 0 1 1 1 0 0 1 0 0 0 0 0 0 1 1 0 1 0 1 0 0 0 1 1 0 1 1 1 0 0 1 1 0 0 1 0 0 1 0 1 1 1 1 1 1 1 1 0 0 0 1 0 0 0 0 0 1 0 0 1 0 0 0 1 0 1 0 0 1 0 1 0 0 1 1 1 1 0 0 0 0 0 0 1 1 1 1 1 0 0 1 1
1 1 0 0 1 1 1 1 1 1 0 0 1 0 0 0 0 1 1 1 1 0 1 1 0 1 1 0 1 1 0 0 1 0 1 1 1 1 1 1 1 0 1 0 1 1 1 0 1 0 0 0 0 1 1 1 0 1 1 0 0 1 1 0 1 1 0 0 1 0 1 0 0 1 0 1 1 0 1 0 1 1 0 0 1 1 0 1 1 0 0 1 1 0 1 0 0 1 0 0 0 1 0 1 0 0 0 1 1 0 1 1 1 0 0 1 1 0 0 0 0 1 1 1 1 0 1 0
1 0 0 1 0 1 0 1 0 1 1 1 0 0 0 0 1 0 0 0 1 1 1 0 0 1 1 1 0 1 1 1 0 0 0 1 1 0 0 0 1 0 0 1 0 1 1 0 0 0 1 0 0 1 1 0 0 1 0 0 1 0 0 1 1 0 1 0 1 0 0 0 0 1 0 1 1 0 1 1 1 1 0 0 1 0 1 1 0 0 0 1 1 0 1 0 1 1 0 1 0 1 1 0 1 0 0 0 1 0 1 0 1 1 0 0 0 1 0 1 1 0 0 1 0 0 1 0
1 1 0 0 1 0 1 1 1 0 0 1 1 1 0 0 1 1 0 0 0 0 0 1 1 1 1 0 0 1 0 0 1 0 0 0 0 1 1 1 0 1 0 1 0 0 0 0 1 0 0 0 0 0 1 1 0 0 0 0 0 0 0 1 0 1 1 1 0 1 1 1 1 0 1 0 0 0 1 1 0 0 1 1 1 1 1 0 1 0 0 0 1 0 1 0 1 0 0 1 0 0 1 0 0 1 0 0 0 1 1 1 1 1 0 1 1 0 1 1 0 1 1 0 1 1 0 1
1 0 1 0 1 0 0 0 1 0 1 0 0 1 1 0 0 1 0 1 0 1 1 1 1 1 1 0 0 1 1 0 1 0 0 1 1 0 1 1 1 0 0 1 0 0 1 1 0 1 0 1 0 1 0 1 1 1 1 0 0 0 0 0 0 0 1 1 1 1 1 0 0 0 1 0 1 0 1 0 1 0 0 1 0 1 1 1 1 1 1 1 1 0 0 1 0 0 1 1 1 0 0 0 1 1 1 1 1 1 0 0 0 0 1 1 0 0 1 1 1 1 0 0 1 1 0 0
1 0 0 1 1 0 0 0 0 0 1 0 0 1 1 0 1 0 0 1 1 1 0 0 1 1 1 0 0 1 0 1 0 0 0 0 0 1 0 0 0 1 0 0 0 1 0 0 1 1 0 0 1 1 0 1 0 0 1 1 0 0 0 1 1 1 0 1 1 1 1 0 1 0 0 1 1 1 1 1 1 0 0 0 1 0 1 1 0 0 1 1 0 0 0 1 1 1 0 0 0 0 0 0 0 0 1 1 0 0 0 1 1 1 1 1 0 0 1 1 1 0 0 1 0 1 1 0
1 0 1 0 1 1 1 0 0 1 1 1 0 0 1 0 1 1 0 0 1 0 1 0 0 0 1 0 0 1 0 0 0 1 1 0 1 0 1 1 0 0 1 0 0 1 1 1 1 1 1 0 1 1 1 0 0 0 0 0 1 0 1 0 1 1 0 1 1 0 0 0 1 0 0 1 1 1 0 1 1 1 0 1 1 1 1 0 0 1 0 0 1 0 0 0 1 0 1 1 1 0 0 0 1 0 0 1 1 1 0 1 0 1 0 0 0 0 1 0 0 1 0 0 1 1 1 0
0 1 0 0 0 1 1 0 1 1 1 1 0 1 1 1 0 0 1 0 1 0 1 1 0 0 0 0 0 0 0 1 0 1 1 1 0 1 0 1 1 0 0 0 0 0 0 0 0 0 0 1 0 1 1 1 0 1 1 1 0 0 0 0 0 1 0 1 0 1 1 1 1 1 1 1 1 0 0 0 0 0 0 0 1 1 1 0 0 0 0 0 1 0 0 0 1 1 0 0 1 1 1 0 0 1 1 0 1 0 0 0 0 1 1 1 1 0 0 0 1 0 1 1 0 1 1 1
1 0 1 1 0 0 0 1 1 1 1 0 0 0 1 1 1 1 0 1 0 0 0 0 1 1 1 0 1 0 1 1 0 1 1 1 0 1 0 1 1 1 0 1 1 1 1 1 0 0 1 1 0 1 1 1 1 0 1 0 1 1 0 1 0 0 1 1 0 1 1 0 0 1 0 0 1 1 0 1 0 0 0 0 0 0 0 0 0 1 0 1 0 1 1 1 0 1 1 0 1 1 0 1 0 0 1 0 1 0 0 0 0 0 1 0 1 1 0 0 1 1 0 1 0 1 0 0
1 1 0 1 1 0 0 1 0 1 1 1 0 1 1 0 0 0 0 0 0 0 1 0 1 0 1 1 0 0 0 1 0 0 1 0 1 0 1 1 1 0 0 1 1 1 1 0 1 1 1 0 0 0 0 1 0 1 1 0 0 0 0 1 0 0 0 0 1 0 0 0 1 0 1 1 1 0 1 0 0 1 1 1 0 0 1 1 0 0 0 1 1 0 1 0 0 1 1 1 1 1 0 1 1 0 0 0 1 0 1 0 1 0 0 0 1 1 0 1 0 1 0 0 1 1 0 1
0 1 1 1 0 0 0 0 0 1 0 1 0 0 1 0 1 0 0 0 0 1 1 0 0 0 1 1 1 1 0 0 0 0 1 0 1 1 1 1 0 1 0 1 1 0 1 1 1 0 0 0 1 1 1 1 0 0 1 1 1 0 1 1 0 1 1 0 1 1 1 0 1 0 1 1 0 1 0 0 0 0 1 0 1 1 0 0 0 0 1 1 1 1 1 1 0 0 1 0 1 1 1 0 1 1 1 1 0 1 0 0 0 0 0 0 0 1 0 1 0 0 0 0 0 1 1 1
0 1 1 0 0 0 1 1 0 1 0 1 0 0 0 0 1 1 0 1 1 0 1 0 0 1 1 1 1 0 0 1 0 0 0 1 0 1 0 1 0 1 0 1 0 0 0 0 0 1 1 0 0 1 0 1 1 1 0 1 0 0 0 1 1 0 0 0 0 1 0 1 1 0 0 0 0 0 0 1 0 1 0 1 1 1 1 1 0 0 1 1 1 0 1 1 1 1 1 1 0 1 1 1 0 0 0 0 1 1 0 1 1 1 0 1 0 1 1 1 1 1 1 0 0 0 1 0
1 0 0 0 0 0 1 1 1 0 0 0 0 0 0 1 1 1 1 1 1 0 0 1 1 1 1 0 1 0 0 0 1 1 1 1 0 0 1 0 0 1 0 0 0 0 1 1 1 0 0 0 0 1 0 0 1 0 0 1 0 0 1 0 1 1 1 1 1 1 1 1 0 1 1 1 1 0 1 0 1 0 1 1 0 0 1 1 1 0 1 0 0 1 1 1 0 1 0 0 1 0 0 0 1 0 0 1 1 1 0 1 0 0 1 1 0 1 0 0 0 0 0 1 1 0 0 1
1 1 0 1 0 1 0 0 1 0 0 0 0 0 1 0 0 1 0 0 1 0 0 0 1 1 0 0 1 0 1 0 1 1 0 0 1 1 0 1 0 0 1 1 1 1 0 0 1 1 0 1 0 0 0 1 1 0 1 1 1 1 1 1 1 1 0 1 0 0 1 0 0 0 1 1 0 1 0 1 1 0 1 1 0 0 1 1 1 0 1 0 0 0 0 1 1 0 0 1 1 1 0 0 1 1 1 1 1 1 1 1 0 0 0 1 0 0 1 1 0 1 1 1 1 0 1 1
1 0 0 1 1 1 1 1 1 0 1 0 1 0 1 0 1 0 1 0 0 0 1 1 1 0 0 0 0 1 0 0 0 0 1 1 1 1 1 1 1 1 0 0 0 1 1 1 0 1 0 0 1 1 1 1 1 0 1 1 1 0 1 1 1 1 0 0 1 0 0 1 0 0 0 0 0 0 0 0 1 1 1 1 1 0 0 1 1 0 1 1 1 0 0 1 0 0 1 1 0 1 1 0 0 1 1 1 0 1 1 1 1 0 1 0 0 1 0 0 1 1 0 0 0 0 0 0
0 0 1 0 1 0 0 1 1 1 1 1 0 1 1 1 1 0 1 1 1 1 1 0 1 0 1 0 1 0 0 1 1 0 1 1 0 1 0 0 0 0 1 1 0 0 1 1 1 0 1 1 1 0 0 0 1 1 0 1 0 1 1 0 1 0 0 1 0 0 1 1 0 1 0 0 1 0 0 0 0 0 0 0 0 0 0 0 0 0 0 0 1 0 0 0 1 1 1 0 0 1 1 1 0 1 0 1 1 0 0 0 1 1 1 0 1 0 1 0 1 0 1 1 0 0 1 0
1 1 1 1 1 0 1 0 0 1 1 1 1 1 0 1 1 1 0 0 1 1 0 0 0 0 0 0 0 1 0 0 1 1 1 1 1 0 1 1 1 1 1 1 1 0 0 0 1 0 1 1 1 1 0 1 0 1 1 0 1 0 1 0 1 1 0 1 1 0 0 0 1 0 0 1 0 0 0 1 0 1 0 1 0 0 0 1 0 0 1 1 0 1 0 0 0 1 1 0 1 1 1 0 0 0 1 1 1 1 1 1 1 1 1 0 1 1 0 0 0 0 0 0 1 0 0 1
1 0 0 1 0 1 0 1 0 0 0 1 0 0 0 0 1 0 0 0 0 0 1 1 1 1 0 1 0 1 0 1 1 1 1 1 0 0 1 0 0 1 1 1 0 1 1 0 1 0 1 0 1 1 1 1 0 1 0 1 1 1 1 0 1 0 1 0 0 0 0 0 0 1 1 1 1 1 0 1 0 1 0 0 0 0 0 1 0 0 1 1 0 1 1 1 1 0 1 1 1 0 1 1 0 1 1 0 1 0 1 0 0 1 0 1 1 1 1 0 0 0 0 0 1 1 0 1
0 0 1 0 1 0 1 0 0 1 0 0 1 1 1 1 0 1 1 1 0 1 0 0 1 0 0 1 1 1 0 0 1 1 0 1 1 1 0 1 0 0 1 0 1 0 1 1 1 1 1 1 1 0 1 1 0 1 0 0 0 0 0 0 0 1 0 1 0 1 0 0 0 0 1 0 1 1 1 1 1 0 1 1 0 1 0 0 0 1 1 1 1 0 1 1 0 0 1 1 1 1 0 1 0 1 0 1 1 0 0 0 1 0 0 0 0 0 1 1 0 0 0 0 1 0 1 0
0 1 0 1 1 1 0 1 1 0 1 1 1 0 0 0 0 1 1 1 1 1 0 0 1 1 1 1 1 0 1 1 0 1 0 1 1 0 1 0 1 1 0 0 0 0 1 1 1 0 1 0 1 1 0 1 0 1 0 0 1 1 0 0 1 0 0 1 0 1 1 1 1 0 1 0 0 1 0 1 1 1 0 1 1 1 0 1 0 1 1 1 0 0 1 0 1 1 0 0 1 1 0 1 1 0 0 0 1 1 0 1 0 1 0 0 0 0 0 0 0 0 0 1 0 0 0 0
0 0 0 0 1 0 1 0 0 0 1 0 1 0 1 1 0 1 0 0 1 1 1 1 1 0 0 0 0 1 1 1 0 1 1 0 0 1 0 1 0 1 1 1 1 0 0 0 1 1 0 1 0 0 1 0 0 1 0 0 1 1 0 1 1 0 0 1 1 1 0 1 0 1 0 0 0 1 0 0 0 0 1 0 1 0 0 1 1 1 0 1 0 0 1 1 1 0 1 0 1 1 1 0 1 0 1 0 0 0 0 1 1 0 0 0 1 1 1 0 0 0 0 1 0 0 1 1
0 0 1 1 0 1 0 1 0 0 1 0 1 1 0 1 0 0 1 1 1 0 0 1 0 1 0 0 1 0 1 1 1 0 0 0 1 0 0 1 1 0 0 0 1 1 0 0 0 0 1 0 0 0 1 1 1 0 0 0 0 0 1 0 1 0 0 1 1 0 0 0 0 1 1 0 1 1 1 1 1 0 1 0 1 0 1 1 0 1 0 1 0 1 0 1 1 1 0 0 0 1 0 0 0 0 0 1 1 1 1 1 0 1 1 0 1 0 0 1 1 1 0 0 1 0 1 0
1 1 1 0 1 1 0 1 1 1 1 0 0 0 1 1 0 0 0 0 1 0 1 0 0 0 0 1 0 0 1 0 1 0 0 0 0 1 0 1 1 1 1 0 1 1 1 1 0 1 1 1 0 1 0 0 0 1 1 0 0 1 0 1 1 0 1 1 0 1 1 1 0 1 0 0 1 0 0 0 1 0 0 0 1 1 1 0 0 0 0 1 1 0 1 1 1 1 1 0 1 0 0 1 1 1 1 1 0 0 1 1 1 1 1 1 1 0 1 1 0 1 0 0 0 0 1 0
1 1 0 1 0 1 1 0 1 0 0 0 0 0 0 0 0 0 1 1 0 1 1 1 1 1 0 0 0 0 1 0 1 1 1 0 0 1 0 0 1 0 0 1 0 0 0 1 0 1 0 0 0 0 0 0 1 1 0 1 1 1 1 1 0 0 1 0 1 1 0 1 0 1 1 0 0 1 0 1 0 0 1 0 1 0 0 1 0 0 0 1 0 0 1 0 0 0 1 0 1 1 1 1 1 0 1 1 1 0 1 0 1 1 1 0 0 1 1 1 0 1 1 0 0 0 1 0
1 0 1 1 1 1 1 1 1 1 1 1 0 0 1 0 1 0 0 0 1 0 1 1 1 1 1 1 1 0 0 1 1 0 1 0 1 0 1 1 0 1 1 0 0 1 0 1 1 1 1 0 1 1 1 1 1 1 1 1 0 0 0 1 1 1 1 0 0 0 0 0 0 1 1 0 0 0 0 1 0 0 1 0 0 1 0 0 1 1 1 0 1 0 0 0 0 1 1 0 1 0 0 0 0 0 0 1 1 0 1 0 1 0 1 0 1 1 1 0 0 0 0 0 0 0 0 1
0 0 1 0 0 1 1 0 1 1 1 1 1 0 0 1 1 1 1 1 0 1 1 1 0 0 1 0 1 0 0 0 1 1 0 1 0 1 0 1 0 0 0 1 1 0 1 1 0 1 1 1 0 0 0 1 1 0 1 1 0 0 0 0 1 1 0 0 0 1 0 0 1 0 1 1 0 1 0 0 0 1 1 0 1 1 1 1 0 1 1 0 0 1 1 1 0 0 0 0 0 0 1 1 1 0 0 1 0 0 1 0 0 0 1 1 1 1 0 1 1 0 0 1 0 0 1 0
1 1 0 1 1 1 0 0 0 1 1 1 0 0 1 1 1 1 1 0 0 0 1 0 1 1 1 1 0 1 0 0 0 1 1 0 0 0 0 0 0 0 0 1 0 0 1 0 1 0 0 1 1 1 0 0 0 0 1 0 0 1 0 0 0 1 0 0 0 0 1 1 1 0 0 0 1 0 0 1 1 0 1 0 0 1 0 1 1 0 1 1 0 1 1 1 1 1 0 0 1 1 0 0 0 1 0 1 0 0 1 1 1 1 0 1 1 1 0 1 1 1 0 0 1 1 1 1
0 1 1 0 1 1 1 1 1 0 1 1 1 0 1 1 0 0 1 1 0 1 0 1 0 0 0 0 0 0 0 1 0 0 0 0 0 1 1 1 1 1 1 1 1 0 0 0 1 1 1 0 1 1 0 1 1 0 0 0 0 0 1 1 0 1 0 1 0 0 1 0 1 1 0 0 1 1 1 0 1 1 1 1 0 0 0 0 1 1 0 1 1 1 1 0 0 0 1 1 0 0 0 0 1 1 1 0 1 0 0 1 1 0 0 1 0 1 0 0 1 1 0 0 1 1 0 0
1 1 1 0 0 1 1 0 1 1 0 0 0 1 0 0 0 1 1 0 0 0 1 1 1 1 0 0 0 0 0 1 0 0 0 0 1 0 0 1 0 1 0 0 0 1 0 0 0 0 0 0 0 0 1 1 0 1 0 0 0 1 1 1 1 0 0 1 0 0 1 1 0 1 0 1 0 1 0 0 1 1 1 1 0 0 1 0 0 0 0 0 1 1 0 0 0 1 1 1 1 1 1 0 0 1 1 1 0 1 0 0 1 0 1 0 1 0 0 1 0 0 1 1 0 1 1 1
0 1 0 0 1 0 1 0 1 0 0 0 1 1 1 0 1 0 0 1 1 1 0 1 1 0 0 0 0 1 0 0 0 0 0 1 0 1 1 0 1 1 0 1 0 1 0 1 0 1 1 1 0 0 0 1 0 0 1 0 0 0 1 0 1 0 0 0 1 0 0 0 1 1 0 1 1 0 0 0 0 0 1 1 0 1 1 0 0 1 1 0 1 0 0 0 0 1 0 1 0 1 1 1 1 0 0 0 1 1 0 1 0 1 1 0 1 0 0 1 0 1 1 0 1 0 1 1
1 1 0 0 0 1 0 0 0 0 0 0 0 1 0 1 0 0 0 0 0 0 1 1 0 0 0 0 0 0 1 0 1 0 1 0 0 0 0 1 1 1 1 1 1 0 0 0 0 0 1 1 0 1 0 0 1 0 1 1 0 0 1 1 1 0 1 1 1 0 1 0 0 0 0 0 1 1 1 1 1 1 0 1 0 1 1 0 0 1 1 0 0 1 0 1 1 1 0 1 0 0 0 0 0 0 1 0 0 1 0 1 1 1 1 0 1 0 1 0 1 0 1 1 0 0 0 0
0 0 1 1 0 1 0 1 0 0 0 1 1 0 0 1 0 1 0 0 0 1 0 0 0 1 0 0 1 0 1 1 1 1 0 0 0 0 0 0 1 0 1 1 0 1 1 1 1 1 1 1 0 0 0 0 1 1 1 1 1 1 1 1 1 0 1 1 0 0 1 1 0 1 0 0 1 1 0 1 0 0 1 1 0 0 1 1 0 0 0 0 1 0 1 1 0 1 1 0 0 0 0 0 1 1 0 1 0 0 1 1 1 0 0 0 1 0 1 1 0 1 1 1 1 0 0 1
0 1 0 1 0 1 1 1 1 1 0 1 0 0 1 0 0 1 0 0 1 0 1 1 0 0 0 1 0 1 1 0 1 0 0 0 1 1 0 1 0 1 1 1 1 0 1 1 0 0 1 0 1 1 1 0 1 0 1 0 1 0 1 1 1 1 0 0 0 1 0 0 0 0 1 1 0 0 0 1 0 0 1 1 0 0 0 0 1 0 0 1 0 0 0 1 1 1 1 1 1 1 1 1 0 1 1 0 1 0 1 1 0 0 0 0 0 1 0 1 1 1 0 1 0 0 1 0
0 1 0 0 0 1 1 0 1 0 0 1 1 0 1 1 1 0 0 0 0 0 0 0 1 1 0 1 1 0 1 1 1 0 1 1 1 1 1 0 1 0 0 0 0 1 1 1 1 0 1 0 1 1 1 0 0 0 0 0 0 0 1 1 0 0 1 1 0 0 1 0 0 1 0 0 1 1 1 1 0 0 0 1 0 1 1 1 0 1 0 1 1 0 0 1 1 0 0 1 0 0 1 1 1 1 1 0 1 0 1 0 1 1 1 0 0 0 1 0 1 1 0 1 1 1 1 1
1 1 0 0 1 0 1 0 0 1 1 1 0 0 1 0 0 0 1 1 1 1 0 1 0 1 0 1 1 1 0 1 0 0 1 0 1 0 1 1 1 0 1 1 1 1 0 1 1 0 0 1 0 1 1 1 0 0 0 0 0 0 1 0 0 0 1 1 1 1 1 0 1 1 0 0 0 0 0 1 0 1 1 0 0 0 1 0 1 1 1 0 0 0 0 0 1 0 0 0 0 1 0 1 0 1 1 1 0 1 0 1 1 1 1 1 1 1 1 1 0 1 0 1 0 0 1 1
1 0 1 1 0 1 1 0 1 1 1 1 1 1 0 1 0 1 0 0 0 0 0 0 1 1 0 0 0 0 1 1 0 1 1 1 0 1 1 0 0 1 1 1 1 1 0 1 0 1 1 0 1 1 1 1 0 0 1 0 1 1 1 1 0 1 1 1 1 1 1 0 0 1 1 1 1 0 1 0 0 0 1 1 1 0 1 1 0 1 1 0 1 0 1 0 1 0 0 1 1 1 1 0 0 1 0 0 0 0 1 1 0 1 0 1 1 0 0 1 0 1 1 1 1 0 1 1
0 0 1 0 1 1 0 1 0 0 1 0 0 1 0 0 0 0 1 0 0 1 0 0 1 1 0 0 0 1 0 0 1 1 1 1 1 1 0 0 0 1 0 0 1 0 0 0 1 0 0 1 1 1 1 0 0 1 1 1 1 0 0 1 0 0 1 0 0 0 1 1 1 1 1 0 0 0 0 1 1 1 0 1 1 0 0 0 1 1 1 0 1 0 1 0 1 1 0 0 1 1 0 1 0 0 0 0 1 1 1 0 1 1 1 0 1 0 1 1 1 0 0 0 1 1 0 1
0 0 0 0 0 0 1 0 1 0 0 1 0 0 0 0 0 1 0 1 0 0 0 0 1 1 1 0 1 0 0 0 0 1 0 0 0 0 1 0 0 1 0 0 0 0 0 1 0 1 0 0 0 0 1 0 1 1 1 1 1 1 1 1 0 0 1 0 0 1 0 1 0 1 0 0 0 0 0 1 1 1 1 1 1 1 1 0 0 1 1 0 0 0 0 1 0 0 0 0 0 1 0 0 1 1 0 1 1 1 1 0 1 1 0 1 0 1 0 1 0 0 1 1 1 0 0 0
0 0 1 0 0 1 1 0 1 1 0 0 1 1 1 0 1 0 1 1 0 1 1 0 0 0 1 1 1 1 0 1 0 1 0 1 1 0 1 0 0 0 1 1 1 1 0 1 1 0 0 0 1 0 1 1 0 1 1 1 1 1 0 1 0 1 0 0 0 1 1 1 1 0 0 0 1 0 0 1 0 1 0 0 1 0 1 1 0 0 0 0 1 1 1 0 0 0 1 1 0 0 0 1 0 1 1 0 0 1 0 1 1 0 0 0 0 1 1 1 1 0 0 0 0 1 1 0
0 0 1 1 0 0 0 0 0 1 1 1 1 0 1 1 0 1 1 1 1 0 1 0 1 1 1 1 0 1 0 1 0 1 1 1 1 1 1 0 0 1 1 1 1 0 1 1 0 0 1 0 0 0 0 0 0 0 0 0 0 0 1 1 1 0 1 1 0 1 0 1 0 1 1 0 0 0 0 1 0 1 0 0 1 1 1 1 0 1 1 1 1 0 0 0 1 0 0 1 1 0 1 0 0 0 0 0 1 0 0 0 0 1 1 0 1 0 1 1 1 0 0 1 0 0 1 0
0 0 0 0 1 1 0 1 1 1 1 0 1 0 0 1 1 1 0 0 0 0 0 1 0 0 1 1 0 0 0 0 1 0 0 0 1 0 1 1 1 0 1 1 1 1 1 1 0 1 0 1 1 0 0 1 1 1 0 0 1 0 1 1 0 1 1 1 0 0 0 1 1 1 1 0 0 1 0 1 1 0 1 1 0 1 0 0 0 1 1 1 0 1 0 1 1 0 0 0 1 1 1 0 0 1 1 1 0 0 1 1 0 1 1 0 0 0 0 1 1 0 0 0 0 1 0 0
0 1 1 0 0 1 1 0 1 1 1 0 1 1 0 0 0 1 0 0 1 1 0 1 0 1 1 1 1 0 0 0 1 1 1 1 0 0 0 0 1 1 1 1 0 0 1 1 1 1 1 0 0 0 1 0 0 1 0 1 1 1 1 1 1 0 1 1 0 0 1 0 1 0 1 1 1 0 0 0 0 1 1 1 0 0 1 0 0 1 1 0 1 0 0 0 1 1 0 1 1 0 0 0 0 0 0 0 0 1 0 0 0 1 1 1 1 1 1 1 1 1 0 1 0 0 1 0
1 0 1 0 0 1 0 0 0 0 1 0 1 1 1 0 1 0 1 0 1 0 1 0 1 0 1 0 1 0 0 0 1 1 1 1 0 1 0 0 0 0 0 0 0 1 0 0 0 1 1 1 1 0 0 0 1 1 1 0 0 1 1 1 1 1 0 0 0 0 0 0 1 0 0 0 0 1 1 1 1 1 0 0 1 0 0 1 1 1 1 0 0 1 1 1 1 1 0 1 1 0 0 0 1 0 0 1 0 1 0 1 1 1 1 1 1 0 0 0 0 1 1 0 1 0 0 1
1 0 1 0 0 0 0 0 0 0 1 1 1 0 0 1 1 1 0 1 1 1 0 0 1 1 1 1 0 0 0 1 1 0 1 1 0 0 0 1 1 0 0 0 1 0 1 1 1 1 0 0 1 0 1 1 0 1 1 1 1 1 0 1 1 0 0 0 1 1 0 0 1 0 1 1 0 1 1 0 0 0 1 0 0 0 0 0 0 0 0 1 1 1 0 1 0 0 1 1 1 1 0 0 1 1 0 1 0 0 0 0 0 0 0 1 1 1 1 0 1 1 0 0 0 1 1 1
1 0 0 1 1 1 1 1 1 1 1 0 0 1 0 1 1 0 1 1 1 0 1 1 0 1 0 1 0 1 1 1 1 1 0 0 0 1 1 1 0 0 0 0 1 1 1 0 0 1 1 1 1 1 1 1 0 0 0 1 0 0 0 0 1 1 0 0 1 1 0 1 1 0 0 0 0 1 1 1 1 0 1 0 0 1 0 1 1 0 0 0 1 0 0 0 0 0 1 0 0 0 0 1 1 1 1 0 0 0 0 0 0 1 0 0 0 1 0 0 1 0 0 0 0 0 1 1
1 1 0 0 1 1 0 0 0 1 1 0 0 1 1 0 1 1 1 0 0 1 1 1 1 0 1 0 0 1 0 0 0 0 0 0 0 0 1 1 0 1 1 0 0 1 1 1 0 0 1 1 0 0 0 1 1 0 1 1 0 1 1 0 0 0 0 0 0 1 0 0 1 1 0 1 0 1 1 0 0 0 1 0 1 0 0 0 1 0 1 1 0 1 1 1 0 1 1 1 0 1 0 1 0 1 1 1 1 1 1 0 1 0 1 0 1 0 1 0 1 0 0 0 0 0 0 1
1 1 1 0 1 1 1 1 0 0 0 1 0 1 1 0 0 1 0 0 0 0 0 1 0 1 1 1 1 1 0 0 1 1 0 1 1 1 1 0 0 1 1 0 0 1 1 1 0 0 0 0 1 0 0 0 0 1 1 1 1 0 1 1 1 0 1 0 0 0 0 0 0 0 0 1 1 0 0 0 0 1 0 1 1 1 1 0 0 0 1 0 1 0 1 1 0 1 0 1 1 0 1 1 0 0 0 1 0 0 0 0 0 1 1 0 0 0 0 1 1 1 0 0 0 0 1 1
0 0 1 0 0 1 0 1 0 0 0 0 1 0 0 1 0 1 1 1 0 1 1 0 1 0 0 0 0 0 1 1 1 0 0 1 1 1 1 1 1 1 0 1 0 1 0 1 0 0 1 1 1 1 0 0 1 1 1 0 1 1 0 1 1 1 0 1 1 1 1 1 1 0 0 0 1 0 1 0 1 1 1 0 0 1 1 1 1 1 0 1 1 1 0 1 1 0 1 1 0 1 0 0 1 1 0 0 0 1 1 0 1 0 1 1 1 0 0 0 0 1 0 0 1 1 1 0
1 1 1 0 0 1 0 0 1 0 0 1 1 1 1 1 1 0 0 1 1 1 1 0 0 1 1 1 0 1 1 0 0 1 0 0 0 1 1 1 1 1 0 1 1 1 1 1 1 1 0 1 1 1 1 1 1 1 0 1 0 0 1 1 0 1 0 1 0 1 0 0 1 0 0 1 0 0 0 0 1 0 1 1 0 1 0 0 1 0 0 0 0 0 1 0 0 0 1 1 1 1 0 0 1 1 0 1 0 1 1 1 1 1 1 1 1 1 1 1 0 0 0 0 1 1 1 0
0 1 0 0 1 0 1 0 0 1 1 0 0 1 0 0 1 0 1 0 1 1 1 0 1 1 1 0 0 0 0 1 1 0 1 0 1 1 0 1 0 0 0 0 1 1 0 0 0 1 0 0 1 1 1 0 0 1 0 0 1 0 0 1 0 0 0 1 1 1 0 1 1 0 1 0 0 0 0 0 1 1 0 1 0 0 0 0 0 1 0 1 1 1 0 0 1 1 1 1 1 0 1 1 1 0 1 0 0 0 1 0 1 1 0 1 1 1 1 1 0 1 0 1 1 0 0 0
0 1 0 0 0 0 1 0 0 1 1 1 1 1 1 1 0 0 1 1 0 1 1 1 1 0 0 1 0 1 0 0 0 1 0 0 1 1 0 0 0 0 0 0 1 1 1 1 0 1 1 1 1 0 1 0 1 0 1 1 1 1 1 1 1 0 0 0 0 1 1 1 0 0 1 1 1 0 0 1 1 0 0 1 1 1 0 0 0 0 1 1 0 1 0 1 0 0 1 1 0 0 1 0 0 0 1 0 1 0 0 1 1 0 0 0 0 1 0 1 1 1 0 1 1 0 0 1
0 0 1 1 1 1 1 1 1 0 1 1 1 1 0 0 1 1 0 0 0 0 0 0 0 0 0 1 1 0 0 0 0 1 1 1 0 1 0 0 0 1 1 0 1 1 1 0 1 0 1 1 0 1 0 0 1 1 1 1 0 1 0 1 0 1 0 0 0 1 1 0 0 1 0 0 0 1 1 0 0 0 0 0 1 0 1 1 0 0 1 0 1 0 0 1 1 0 0 1 0 1 0 0 0 0 1 1 1 1 1 0 1 0 0 1 1 0 0 0 0 0 1 0 0 1 1 1
1 0 0 0 0 1 0 1 0 1 0 1 1 1 0 0 0 0 1 1 0 0 1 0 0 0 1 1 1 0 1 1 1 1 0 1 1 0 0 1 1 1 1 0 1 0 0 1 0 1 1 1 1 0 0 1 1 1 0 0 0 0 0 1 0 1 1 1 1 1 0 1 1 0 1 1 1 1 0 0 1 0 0 0 1 1 0 0 1 0 0 1 1 0 0 0 1 1 0 1 1 1 1 1 1 1 0 1 0 0 0 0 1 1 0 0 1 0 0 1 0 0 1 0 0 0 1 0
1 0 1 1 1 0 1 0 0 1 1 0 0 1 1 0 0 1 1 0 1 0 0 1 1 0 1 1 0 1 1 1 1 0 1 0 1 0 1 1 1 1 1 1 0 1 0 1 0 0 0 1 0 1 1 1 0 1 1 1 0 0 1 0 0 0 0 0 0 0 0 0 1 0 1 0 0 0 1 1 1 0 0 1 0 0 1 0 0 1 0 0 0 1 0 1 1 0 1 0 1 1 1 1 1 0 0 1 1 1 0 0 1 1 0 0 0 1 1 0 1 1 1 1 0 0 1 1
0 0 0 1 0 1 1 0 1 0 1 0 0 0 0 1 0 0 1 0 0 0 0 0 0 0 1 1 1 0 0 1 0 1 0 0 0 1 0 1 0 0 1 1 0 1 0 1 1 1 0 0 0 0 0 0 0 0 1 0 0 1 0 0 0 1 0 0 0 1 1 1 1 1 1 0 1 0 0 0 0 0 0 0 1 1 0 0 1 0 0 0 0 0 1 0 0 0 1 0 1 0 0 1 1 0 1 1 0 0 0 0 1 1 0 1 1 0 1 1 0 1 0 0 0 0 1 1
1 0 1 0 1 1 1 0 1 1 1 0 0 1 1 0 1 0 1 1 0 1 0 0 0 1 1 0 0 0 0 1 0 1 1 0 1 1 1 0 1 1 1 0 0 1 0 0 0 1 1 1 1 1 1 1 0 0 1 1 0 0 0 0 1 0 0 0 1 0 1 0 0 1 1 0 0 0 1 0 0 0 0 0 1 0 0 1 1 1 0 0 1 0 0 1 1 1 0 0 1 1 1 1 1 0 0 1 0 1 0 0 0 1 0 0 0 0 0 0 0 1 1 0 0 0 0 0
1 0 0 0 0 0 1 0 1 0 1 0 1 1 1 1 0 0 0 1 1 1 0 1 0 1 0 1 1 0 1 0 1 0 1 0 0 1 1 1 1 1 0 0 1 0 0 1 1 0 1 0 0 1 0 1 1 0 1 0 0 0 1 0 0 0 1 1 0 1 1 1 0 0 0 0 1 0 0 0 1 0 0 1 1 0 1 0 1 1 0 1 1 1 1 0 1 0 1 0 0 1 1 0 1 0 1 1 1 1 0 1 1 0 0 1 0 1 0 0 1 1 0 1 0 0 0 1
0 0 0 1 1 0 0 0 1 1 1 0 1 0 1 0 0 1 1 1 1 1 1 0 0 1 1 1 0 1 0 0 1 0 1 0 0 1 1 1 0 1 1 1 1 0 0 1 0 1 1 1 0 0 1 1 0 0 1 1 1 0 1 0 1 0 1 1 0 0 0 1 0 1 1 1 1 1 0 1 1 1 0 1 0 1 0 0 1 1 1 0 0 1 0 0 0 0 0 1 0 0 1 1 1 0 0 0 1 1 1 0 1 1 1 0 1 1 1 0 0 0 1 0 1 0 0 0
1 0 0 0 0 1 0 1 0 0 0 0 1 1 0 0 0 1 0 0 0 0 0 0 1 0 1 1 1 0 1 1 1 1 1 1 1 1 0 1 1 0 0 1 0 1 1 0 0 1 1 1 1 0 1 1 0 1 0 0 1 1 1 0 1 0 1 0 1 1 0 0 1 0 1 1 0 0 1 1 0 1 1 1 1 0 1 0 0 0 0 1 0 1 0 0 0 1 0 1 1 1 0 0 1 0 0 1 0 0 0 0 1 1 1 1 1 1 1 1 1 0 1 0 1 1 0 1
0 1 0 0 1 0 1 0 1 1 1 0 1 1 0 1 1 0 1 0 0 1 1 0 0 0 0 1 0 1 0 0 1 0 0 0 1 0 0 0 0 1 1 1 0 1 1 0 0 0 0 0 1 1 0 0 1 0 0 1 1 1 0 0 1 0 0 0 1 1 1 0 1 0 0 1 0 1 0 1 1 0 0 1 1 1 1 0 0 0 1 1 1 1 1 1 0 1 0 1 0 0 1 0 0 0 0 1 1 0 0 1 0 1 0 0 0 0 1 0 1 0 1 1 1 1 0 1
0 0 0 0 0 1 0 1 0 0 0 1 1 1 0 1 1 1 0 0 1 1 0 1 1 1 0 1 1 0 0 1 0 0 1 1 1 0 0 0 0 0 1 1 0 1 1 0 1 1 1 0 0 0 0 1 0 1 0 1 0 1 0 1 1 1 1 0 0 1 0 0 1 0 0 0 1 0 1 0 1 0 0 1 0 0 1 0 1 1 1 1 0 0 0 0 1 1 0 1 0 1 0 1 0 1 0 1 0 0 1 0 0 1 0 0 0 1 1 0 1 1 1 0 1 0 1 1
0 1 0 0 1 1 1 1 0 1 0 1 1 0 1 1 0 1 1 1 0 1 1 0 1 1 0 1 0 0 0 0 1 1 0 0 1 1 1 0 0 0 1 1 0 0 0 1 1 1 0 1 1 1 0 1 0 1 0 1 0 1 0 1 0 0 0 0 1 0 0 0 0 1 0 1 0 1 0 0 1 1 0 0 0 0 1 1 0 1 0 0 0 1 1 0 1 0 1 1 0 0 0 0 0 0 0 1 0 0 1 0 1 0 0 0 0 0 1 0 0 0 0 0 0 1 1 1
1 0 0 1 0 0 1 1 0 0 1 1 1 1 0 0 1 1 0 1 0 1 1 1 0 1 0 1 0 1 1 1 1 0 1 1 1 1 0 0 1 0 1 1 0 0 0 0 1 1 0 0 1 1 1 1 0 1 0 1 1 0 1 0 1 1 1 1 1 0 1 0 0 1 1 1 0 1 1 1 1 1 1 0 0 1 1 0 1 0 1 1 0 0 1 0 0 0 1 1 0 0 0 1 1 1 1 1 0 0 0 0 0 0 1 1 0 1 1 1 1 0 1 0 0 0 1 1
0 1 1 1 0 0 1 0 0 0 0 0 1 1 0 1 1 1 0 0 1 1 0 0 1 1 1 0 1 1 0 0 1 1 0 0 1 0 1 0 0 1 0 1 0 1 1 1 1 1 0 0 1 1 1 0 0 1 1 0 1 1 1 0 0 1 1 1 1 0 1 1 1 1 0 0 0 1 0 0 1 0 1 1 0 1 0 1 0 0 1 1 1 0 0 0 0 0 0 1 1 1 1 1 0 1 0 1 1 1 1 0 0 1 0 1 0 1 1 0 0 0 0 1 1 1 0 1
0 0 0 1 0 0 1 0 0 0 1 0 1 0 1 1 0 1 1 1 0 0 0 0 1 1 1 0 1 0 1 1 0 0 0 0 0 1 1 0 0 0 0 0 0 0 0 1 1 0 1 0 0 0 1 0 1 1 0 0 1 0 1 0 0 0 1 0 0 0 0 1 0 1 0 0 0 0 0 1 1 0 0 0 0 1 1 1 1 0 0 1 0 0 0 0 1 0 1 1 0 0 1 0 0 0 0 1 1 1 1 1 1 0 0 0 0 0 0 0 1 0 0 0 0 1 1 0
0 1 0 0 1 1 1 0 1 1 1 0 0 0 0 1 0 0 1 1 1 1 0 0 0 1 1 0 0 1 1 0 1 0 1 0 1 1 0 0 1 1 0 0 1 0 1 1 1 1 0 0 0 0 0 1 0 1 1 0 1 0 1 1 0 1 1 0 1 1 1 0 1 0 0 0 1 0 0 0 1 1 1 1 0 0 1 1 1 0 1 0 0 0 1 1 0 1 1 0 0 0 1 0 0 1 1 0 0 0 1 1 1 0 1 0 1 1 0 0 1 0 0 1 1 0 1 1
0 0 0 1 0 1 1 1 1 0 0 0 0 1 0 1 0 1 0 0 0 0 0 0 1 1 1 0 1 0 0 1 0 1 0 1 1 0 1 0 1 0 0 0 1 0 1 1 1 1 0 1 0 1 0 1 1 1 0 0 1 0 1 1 0 1 0 1 0 0 0 1 0 1 1 1 0 0 0 0 1 0 1 0 1 1 1 1 0 0 0 0 1 1 0 1 0 0 1 1 1 1 0 1 0 0 0 1 1 1 0 0 0 0 1 0 1 1 0 1 0 0 0 1 1 0 1 1
0 0 0 0 1 0 1 1 0 1 0 0 0 0 1 0 0 0 1 1 1 0 0 0 1 1 0 1 1 0 1 1 1 0 0 1 0 1 0 0 1 0 0 1 0 0 1 1 1 1 1 0 1 0 0 0 0 0 1 0 1 1 0 0 1 1 0 0 1 1 0 0 0 1 1 1 0 0 0 0 1 1 0 0 0 0 1 1 0 1 1 1 1 0 1 0 0 1 1 1 1 1 0 0 0 0 1 0 0 0 1 0 1 1 1 1 1 1 0 1 1 1 1 0 1 1 0 0
1 0 0 1 0 0 1 0 1 0 1 0 0 1 1 0 1 1 1 1 0 1 1 0 0 0 0 1 1 1 0 0 0 0 0 1 0 1 1 1 1 1 0 0 0 1 1 0 1 0 1 1 0 0 1 1 1 0 1 1 0 1 1 0 0 1 1 1 1 0 1 0 0 0 1 0 0 1 1 0 0 0 0 1 0 0 1 0 0 0 1 0 1 1 1 1 1 1 1 0 0 1 1 1 0 1 0 1 1 1 0 0 0 1 1 1 1 1 0 1 0 0 1 0 0 0 0 0
1 1 0 0 1 1 1 0 1 0 1 1 1 0 0 1 0 1 0 1 1 1 0 0 1 1 1 1 1 0 0 0 0 1 1 0 0 1 0 1 1 0 1 1 1 0 0 1 1 0 0 0 0 1 0 1 0 0 0 1 1 1 0 0 0 0 1 0 1 1 1 1 0 1 0 1 1 1 0 0 0 1 1 1 1 0 0 0 0 1 0 0 1 0 1 0 0 0 1 0 1 0 1 0 0 0 1 1 1 0 1 0 0 0 1 0 0 1 1 0 0 1 1 1 0 0 1 0
1 1 0 0 0 0 0 1 0 1 0 0 0 1 0 0 0 0 1 1 0 0 1 1 0 1 0 1 0 1 0 1 0 1 0 0 1 0 0 0 0 1 0 1 0 1 0 1 0 1 0 0 0 0 1 1 1 0 1 0 0 1 1 1 0 1 1 1 0 1 1 0 0 1 0 1 0 0 1 0 1 1 1 1 0 0 0 0 1 0 0 1 1 0 0 1 0 0 1 1 0 1 1 0 1 1 1 1 0 0 0 0 1 1 1 0 0 1 0 1 1 1 1 0 1 0 0 1
1 1 0 0 0 1 0 0 0 1 0 0 0 0 0 0 0 1 1 1 1 0 0 0 1 1 0 0 0 1 0 1 0 0 1 0 1 1 0 0 1 1 0 1 0 1 0 1 0 1 0 1 1 1 1 1 0 1 1 0 1 1 0 1 1 1 1 0 1 1 1 1 0 1 0 0 1 1 0 0 1 0 1 0 0 1 1 0 1 1 0 1 1 0 1 1 0 1 1 0 1 1 1 1 1 1 1 0 1 0 0 0 1 1 0 1 1 1 0 0 1 1 1 1 0 1 1 1
1 0 1 1 0 1 0 0 1 0 1 1 1 0 1 1 1 0 0 0 1 1 0 1 1 1 1 1 0 0 1 0 1 1 0 0 1 0 0 1 0 1 1 0 0 1 0 0 1 1 1 1 1 0 0 0 1 1 0 1 0 1 1 1 1 0 1 1 0 0 0 0 0 1 0 1 0 1 0 0 1 1 1 1 0 0 1 0 1 0 1 1 0 1 1 0 1 0 0 0 1 0 1 0 0 1 0 1 0 0 0 0 0 0 0 0 0 1 0 1 1 1 0 1 0 1 0 0
0 0 1 0 1 0 0 0 0 0 1 0 0 1 1 0 1 1 0 1 1 1 0 1 1 0 1 0 0 1 0 1 0 1 1 0 1 1 0 1 0 1 1 0 1 0 1 1 0 1 1 1 1 0 1 0 1 0 1 0 1 1 0 1 0 1 1 1 1 0 1 1 1 1 1 1 1 1 0 1 0 1 1 0 0 0 0 1 0 0 1 0 0 1 0 0 1 1 1 1 1 0 1 1 1 1 1 0 0 0 1 0 0 0 1 0 0 0 1 0 1 0 0 0 0 0 0 1
1 0 0 1 0 0 0 1 1 0 1 1 1 0 1 1 1 1 1 0 0 0 1 1 0 0 1 0 1 0 1 1 0 1 1 1 1 0 1 1 0 1 1 0 1 1 0 0 1 1 1 1 0 0 1 1 1 1 0 0 1 1 1 1 0 0 0 1 0 0 1 0 0 0 0 1 0 1 1 0 0 1 1 0 0 1 0 1 0 1 0 0 0 0 1 0 1 1 0 0 0 1 0 1 0 1 0 0 1 0 1 1 0 1 1 1 0 0 1 1 1 1 1 0 1 0 0 1
1 0 0 0 1 1 1 0 0 0 1 1 0 1 1 1 1 1 1 1 1 1 1 1 1 1 0 0 1 1 0 0 0 1 1 0 0 1 1 1 1 1 1 0 0 1 0 0 1 1 0 1 0 1 0 1 0 1 1 1 0 0 0 1 1 0 1 1 1 0 1 0 0 1 0 0 0 0 0 0 1 1 0 1 1 0 1 0 1 1 0 1 1 0 1 1 1 1 0 1 0 0 0 1 0 1 1 1 0 1 1 1 0 0 0 0 1 0 1 0 1 0 1 0 1 1 1 0
1 1 0 1 1 1 1 0 1 0 0 0 1 1 1 0 1 0 1 0 1 1 1 1 1 0 1 0 1 1 0 0 0 0 1 1 0 1 0 1 0 0 0 0 0 0 1 1 0 0 0 1 1 0 1 0 1 0 0 1 1 1 0 0 1 1 1 0 1 1 1 1 0 0 1 1 1 1 0 1 1 0 1 0 0 0 1 0 0 0 1 1 0 0 0 0 0 1 0 0 1 1 0 0 1 0 1 1 0 0 1 0 1 1 0 0 0 1 1 1 1 0 0 0 1 0 1 1
1 0 1 0 1 1 1 0 1 0 1 1 1 1 1 1 0 1 1 0 0 0 0 1 1 0 0 0 1 1 0 1 1 0 1 1 0 1 0 1 0 1 0 0 0 1 0 1 0 1 0 0 0 1 0 1 1 0 0 0 0 0 1 0 0 0 1 0 1 1 1 1 0 1 0 1 0 0 1 1 0 0 1 0 1 1 1 1 1 1 1 0 0 1 1 1 1 1 1 0 0 1 0 0 1 1 1 0 1 0 1 1 0 0 0 0 0 0 1 1 0 1 0 1 0 0 1 0
0 0 1 0 0 0 0 0 0 0 0 1 1 1 0 0 0 0 0 0 0 0 1 1 1 0 1 1 1 1 1 0 0 0 0 1 1 0 0 1 0 1 1 1 0 0 0 0 0 1 1 0 0 1 0 1 0 0 1 1 1 1 1 0 1 0 1 0 0 0 0 0 0 1 1 1 0 0 0 0 1 0 0 1 1 0 1 0 1 1 1 1 0 0 0 1 0 1 1 1 0 0 1 0 1 0 0 0 1 0 1 1 0 0 0 0 1 1 0 0 0 1 1 1 0 0 0 0
1 0 0 0 0 1 1 1 0 1 1 0 1 1 0 0 0 1 0 1 1 1 0 0 1 1 0 1 0 1 0 1 1 1 0 0 1 1 0 1 1 1 0 1 0 0 1 1 1 0 0 1 1 0 1 1 0 0 0 1 1 0 0 0 1 0 0 1 1 0 1 1 1 0 0 0 1 1 0 1 1 0 0 0 1 0 0 1 0 1 1 1 1 0 1 1 0 0 1 1 0 0 0 0 0 0 0 1 0 1 1 1 1 0 0 1 0 0 0 1 1 0 1 0 1 0 1 0
1 1 0 0 1 1 1 1 0 1 1 1 0 1 1 1 0 0 0 1 0 1 0 1 0 0 0 1 0 1 0 1 0 0 1 0 1 0 1 0 1 1 1 1 0 1 1 1 0 1 0 0 1 0 0 0 0 0 0 0 1 1 1 1 1 1 0 0 1 1 1 1 1 0 0 0 1 0 1 0 1 0 1 0 1 0 0 1 0 0 1 0 0 1 0 1 1 1 1 1 0 0 0 1 0 1 1 0 0 0 1 0 0 1 0 1 1 0 0 0 0 1 0 1 0 1 0 1
1 0 1 1 1 0 1 0 1 0 0 1 1 1 0 0 1 0 1 0 0 1 0 0 0 0 0 0 1 0 1 1 0 1 0 1 0 1 1 1 0 1 1 0 0 1 1 0 0 1 0 1 1 0 0 1 0 0 0 1 1 1 1 0 0 0 1 0 1 1 0 1 1 1 1 1 0 1 0 1 1 0 1 1 1 0 0 0 1 1 0 1 0 0 1 0 0 1 0 1 1 1 0 1 0 0 1 1 1 1 0 0 0 1 0 1 1 1 1 0 1 1 0 0 0 1 0 0
1 0 1 1 0 0 1 1 1 0 1 1 0 1 1 0 1 1 0 1 0 0 0 1 1 1 1 0 1 0 0 0 0 0 0 0 0 1 1 0 1 1 0 0 0 1 1 1 1 1 0 1 0 0 0 1 0 0 1 0 0 0 0 0 1 0 1 1 0 1 1 1 0 0 1 1 1 1 0 1 0 1 1 1 1 1 1 0 0 0 0 0 1 0 0 1 0 1 1 1 0 0 1 1 1 1 1 1 0 1 0 0 1 0 0 1 0 1 0 0 0 1 1 0 1 1 1 1
0 1 1 0 0 0 0 1 0 1 1 0 0 1 1 1 0 1 1 1 0 0 0 1 0 1 0 1 0 1 0 1 0 0 1 1 1 1 0 0 1 0 0 1 1 1 0 1 0 1 0 0 1 1 1 1 1 0 0 1 1 0 0 0 0 0 1 0 0 1 1 1 1 1 1 0 1 0 0 0 0 0 1 1 0 0 0 1 1 1 1 1 1 0 1 1 1 0 1 1 0 0 0 0 1 0 0 1 0 0 1 1 0 0 0 1 0 0 1 1 0 1 1 0 1 0 0 0
0 0 0 1 1 0 0 0 1 0 0 1 1 1 0 1 1 1 0 1 1 0 0 0 1 0 0 1 0 0 0 1 1 0 0 1 1 0 0 0 1 1 0 0 0 0 0 0 1 0 1 0 1 0 0 1 0 0 1 1 0 0 1 0 1 0 0 1 0 1 0 0 1 0 1 1 0 0 1 0 0 0 1 0 1 0 0 1 1 0 1 1 1 1 0 0 0 0 1 1 1 1 0 1 1 0 0 1 0 1 1 0 1 0 0 0 0 1 0 1 1 1 0 0 0 1 1 0
0 1 0 1 0 0 0 0 0 1 1 0 0 1 0 1 1 0 1 1 0 1 1 1 1 1 0 0 1 1 1 1 0 1 1 1 0 0 1 0 1 1 0 1 0 0 1 1 1 1 1 1 1 0 1 0 1 0 1 0 0 1 0 0 0 0 1 0 0 0 0 1 0 0 0 0 1 0 1 1 0 0 0 0 1 1 0 0 1 0 0 0 0 0 1 1 1 1 1 0 1 0 1 0 0 0 1 1 0 0 1 0 1 1 1 1 1 1 1 0 1 1 1 1 1 0 1 0
0 0 0 1 1 0 0 1 0 1 0 0 1 0 1 1 1 1 0 0 1 1 0 1 1 0 0 1 1 1 0 1 0 0 0 1 0 0 0 0 1 0 1 0 1 1 0 0 1 1 0 1 1 0 1 1 0 1 1 0 1 1 0 1 1 0 0 1 0 1 0 1 0 1 1 1 1 1 1 0 1 0 0 0 0 0 0 1 1 1 0 1 0 0 0 1 0 0 1 0 0 0 1 1 1 1 0 1 0 0 1 1 1 0 1 0 0 1 1 0 0 1 1 0 1 0 1 1
1 1 0 1 1 1 0 0 0 1 1 1 0 1 0 1 0 1 1 0 0 0 0 1 0 1 0 0 0 1 1 0 1 0 0 0 1 0 1 0 1 1 0 1 1 1 1 0 0 1 0 1 1 1 0 0 0 1 0 1 0 0 1 0 0 1 1 1 1 0 1 1 1 1 0 1 1 1 1 1 1 0 1 0 1 0 1 1 1 1 1 0 1 1 1 1 1 1 0 0 1 0 0 0 0 0 1 0 0 0 0 0 0 1 0 1 1 0 0 1 1 1 0 1 0 1 0 1
0 1 0 0 0 1 1 0 1 1 1 0 0 0 1 0 1 1 1 1 0 1 0 1 0 0 0 0 0 1 1 1 0 0 1 1 1 0 0 1 1 1 0 1 1 1 1 1 0 0 1 1 1 0 0 1 0 1 0 1 0 0 1 0 0 0 1 1 1 1 0 1 1 1 0 1 0 0 0 0 1 1 0 0 0 1 1 0 1 1 0 0 0 1 0 0 0 1 0 1 1 1 0 1 0 0 0 1 1 0 1 1 1 0 0 1 0 1 1 0 0 0 0 1 0 1 1 0
0 1 1 0 0 1 1 1 1 1 0 0 0 0 1 0 1 1 1 1 1 0 0 0 0 1 0 0 1 0 1 1 1 0 0 0 0 1 0 0 1 0 1 1 0 0 1 0 1 0 1 1 0 1 0 1 0 0 0 0 0 0 1 0 0 1 0 0 1 0 0 1 1 0 1 1 0 0 0 0 1 1 1 0 0 0 0 1 0 1 0 0 1 0 0 0 1 0 0 0 1 1 1 0 1 0 1 0 0 0 0 1 1 0 1 0 1 0 0 0 0 1 0 0 0 0 0 0
0 1 0 0 0 0 1 0 0 0 1 1 0 0 1 1 0 0 0 1 1 1 0 1 1 0 0 0 0 1 1 1 1 1 0 1 1 0 0 1 1 1 0 0 0 1 1 0 0 0 0 0 0 0 0 1 1 1 0 0 0 1 0 0 0 0 1 1 0 1 0 1 0 1 1 1 1 1 1 1 0 1 0 1 0 1 0 0 0 0 1 0 0 1 0 1 0 0 1 0 1 1 0 1 0 1 1 0 0 1 1 0 1 0 0 0 0 1 1 0 1 0 0 0 1 0 0 0
0 1 1 1 1 1 0 0 0 1 0 0 1 0 0 0 1 0 1 1 0 0 0 0 0 1 0 1 1 1 0 1 0 0 0 0 0 1 0 1 0 1 1 0 1 0 0 0 1 0 1 0 1 1 0 1 0 1 1 0 1 1 0 0 0 0 1 1 0 1 1 1 1 0 0 1 1 1 1 1 0 1 0 0 0 0 0 1 0 0 1 0 0 0 1 1 1 1 0 1 1 1 1 0 0 0 0 1 0 0 1 1 1 0 1 0 0 1 0 0 0 0 1 1 0 0 1 0
1 1 1 1 0 1 1 0 0 1 1 0 1 1 0 0 1 1 0 1 1 1 1 0 0 1 1 1 1 1 1 1 0 1 0 0 0 0 1 1 0 1 1 1 0 0 0 0 1 0 1 0 1 1 0 0 0 1 0 0 1 1 1 1 1 0 0 1 0 1 0 0 1 1 1 1 0 1 1 1 0 1 0 1 1 0 1 1 0 1 0 0 0 1 0 0 0 0 0 0 0 0 1 0 0 1 1 1 0 0 1 0 1 0 0 0 1 0 0 1 1 1 0 1 0 1 0 0
1 1 1 1 1 0 1 0 1 0 1 1 1 1 0 1 1 1 1 1 1 0 1 0 1 1 0 1 1 1 0 0 1 0 0 1 0 0 1 0 0 1 1 0 1 0 0 0 1 1 0 1 0 1 0 0 1 0 1 1 0 1 0 1 1 0 1 1 1 0 0 0 0 0 0 1 0 0 1 0 1 0 1 0 1 0 1 0 1 0 0 1 0 1 1 0 0 0 0 0 1 1 0 1 1 0 1 0 1 0 0 0 1 1 1 1 1 1 0 0 1 1 1 0 1 1 1 1
0 0 0 1 0 0 1 1 1 1 1 1 0 1 0 0 0 1 1 1 1 1 1 1 0 0 1 0 1 0 1 1 0 1 1 0 1 1 0 1 1 1 1 1 0 0 0 1 0 0 1 0 0 0 0 1 0 0 0 0 0 0 0 1 0 1 0 0 0 1 1 0 0 1 1 1 0 1 0 0 1 1 1 1 0 1 1 0 0 0 0 1 0 0 1 1 0 1 0 0 0 0 1 0 0 0 0 1 1 1 0 0 0 1 1 1 0 0 0 0 1 0 1 0 1 1 1 1
0 0 0 1 0 1 1 0 0 1 0 0 1 0 0 0 1 1 1 1 1 1 0 0 1 1 0 1 1 1 0 1 1 1 1 1 1 1 0 0 0 0 0 0 1 0 0 0 1 1 1 0 0 0 1 0 0 1 1 1 0 0 0 0 1 0 0 0 0 1 0 1 1 0 0 0 1 0 0 1 1 0 1 0 1 1 1 0 0 0 1 0 1 1 0 0 1 1 1 0 1 0 0 0 1 0 0 0 0 1 0 1 1 1 0 1 1 1 0 0 0 1 1 1 1 1 0 1
1 1 0 1 0 0 1 1 0 0 1 0 0 1 1 0 1 0 0 0 1 0 1 0 1 1 1 0 0 0 1 0 1 1 1 1 1 1 0 1 1 1 0 0 1 0 0 1 0 1 1 1 1 1 1 1 1 1 1 0 1 1 0 0 0 0 0 0 1 0 0 1 0 1 1 1 0 0 1 0 0 0 0 0 1 1 1 1 1 1 1 0 0 0 0 0 0 1 1 1 0 0 1 0 1 1 0 1 0 1 1 1 0 0 0 0 0 1 1 1 1 0 0 1 0 0 1 0
0 0 1 1 1 1 0 0 0 0 0 1 1 0 0 0 1 1 0 0 0 1 1 1 0 0 1 1 0 0 1 0 0 0 1 1 0 1 0 1 0 0 0 1 0 0 0 1 1 0 1 1 1 1 0 0 1 0 0 1 1 0 0 0 1 1 1 0 0 0 1 0 1 0 1 1 1 0 0 1 0 1 1 1 0 1 0 0 1 1 0 1 0 0 1 0 1 0 0 0 1 0 1 0 0 1 0 1 1 1 0 0 1 0 0 0 1 1 0 0 1 0 1 0 0 1 1 0
1 1 0 1 1 1 0 1 1 0 0 1 1 0 0 1 0 1 0 1 1 0 0 1 1 0 0 0 0 0 1 0 1 1 0 0 0 0 1 0 0 0 0 1 1 0 0 0 1 1 1 0 1 0 0 1 1 1 0 0 0 0 1 0 1 1 1 0 0 1 0 0 0 1 1 1 1 1 1 1 0 0 1 1 0 1 1 0 0 0 0 1 0 1 1 0 0 1 1 1 0 0 1 0 0 0 0 1 0 1 0 1 0 0 0 1 1 0 0 1 1 0 1 1 0 1 1 0
0 1 1 1 0 1 0 0 1 1 1 0 0 0 0 0 0 0 1 0 0 0 1 1 1 0 1 1 1 0 1 1 0 1 1 1 1 1 0 0 0 0 0 1 0 1 0 1 1 1 1 0 1 0 1 0 0 0 0 0 1 0 1 0 0 1 1 0 1 0 0 0 0 0 1 0 0 0 1 1 1 1 1 0 0 1 1 0 1 1 1 1 0 1 1 0 1 0 0 0 1 0 1 1 1 0 0 1 1 1 0 1 0 0 0 1 1 0 1 0 0 1 0 0 1 0 1 0
1 0 1 1 1 0 1 1 0 1 0 1 1 0 0 0 0 0 1 1 0 0 0 1 1 0 1 1 1 0 0 0 1 1 0 0 0 0 0 1 1 1 0 0 0 0 1 1 1 0 0 1 1 1 1 1 1 0 1 1 0 0 0 0 0 1 0 1 1 1 0 0 1 1 1 1 1 0 1 0 1 1 0 0 1 0 1 0 0 0 0 1 0 1 0 1 0 1 0 0 0 1 1 1 1 1 1 0 1 0 0 1 0 0 0 1 0 0 0 0 1 0 1 0 1 1 0 1
1 0 1 0 1 0 0 0 1 1 0 0 0 0 1 1 1 1 1 1 1 1 0 1 1 0 1 0 0 0 1 1 0 1 0 0 1 1 0 0 1 0 1 0 0 1 0 1 1 1 0 0 0 1 1 0 0 1 1 1 1 1 1 0 0 0 1 0 1 0 1 1 1 1 1 0 0 0 1 1 1 0 0 0 1 0 0 0 0 0 1 0 0 1 0 1 1 1 0 0 0 0 0 1 1 1 0 1 0 0 0 1 1 1 1 0 0 1 0 0 0 0 0 1 0 1 0 1
0 0 1 1 1 0 1 0 1 0 1 1 0 0 1 0 1 1 0 0 1 1 0 1 1 1 1 0 1 1 0 0 1 0 1 1 1 1 1 1 0 1 0 1 0 0 1 0 0 0 1 1 1 1 0 1 1 1 1 0 1 1 1 1 1 1 0 1 0 0 0 0 0 0 0 1 1 1 0 0 0 1 1 0 0 0 1 0 1 1 1 0 1 1 0 0 1 1 0 0 1 1 1 0 1 0 0 0 0 0 1 1 1 0 0 1 0 0 1 1 1 1 0 0 0 1 0 0
0 1 1 0 0 0 1 0 1 0 0 0 1 1 1 0 0 0 0 1 1 0 1 0 0 1 1 1 1 0 0 0 1 0 1 0 0 0 1 0 1 0 0 0 0 1 0 1 0 1 0 1 0 0 0 1 1 0 1 0 1 0 0 1 0 1 1 1 1 1 0 0 1 1 1 0 0 0 0 0 0 0 0 0 1 0 0 1 1 1 1 1 0 0 1 1 1 1 1 0 0 0 1 0 0 1 1 1 0 0 1 0 1 1 1 1 0 1 0 1 1 0 0 0 1 0 1 1
0 1 0 1 0 0 0 0 0 0 1 0 1 0 1 1 0 1 0 0 1 0 1 1 0 1 0 1 1 0 0 0 1 1 1 0 1 0 0 1 1 1 1 1 0 0 1 0 1 1 0 0 0 1 0 1 0 0 1 1 1 0 1 0 0 0 1 1 1 0 1 1 1 0 1 1 1 0 1 1 1 1 1 0 1 1 1 1 1 1 0 1 1 1 1 0 0 1 1 1 0 0 1 0 1 0 1 1 1 1 1 1 0 0 0 1 0 0 1 1 1 0 0 1 0 0 0 0
0 0 0 1 1 0 0 0 1 0 0 1 1 1 1 1 1 0 1 0 1 0 0 1 1 1 1 0 0 0 1 1 0 1 1 0 0 0 1 1 1 1 0 0 1 0 0 1 1 1 0 0 1 1 0 0 0 0 0 1 1 1 0 0 0 1 0 1 1 1 1 0 0 1 1 0 1 1 0 1 1 1 0 0 0 1 0 0 0 0 0 0 1 0 0 0 1 1 1 0 1 1 0 1 0 1 1 1 0 1 1 0 1 1 0 1 1 1 1 1 1 0 1 0 1 0 0 1
0 0 1 0 1 0 0 1 0 1 1 1 0 0 1 0 1 0 0 1 1 1 1 1 0 1 0 1 0 1 1 0 1 0 1 1 1 1 1 1 1 0 0 0 0 0 0 0 1 1 0 1 0 0 1 0 0 1 1 1 0 1 0 1 1 1 1 0 0 0 0 0 0 1 1 1 0 1 0 1 1 0 0 0 1 0 1 1 1 0 0 1 0 0 0 0 1 0 0 0 1 1 0 0 0 0 0 0 1 1 0 1 0 1 0 0 0 0 1 1 0 0 1 1 1 1 1 0
1 1 0 0 0 1 1 1 0 1 0 1 0 0 0 0 0 0 0 1 0 1 0 0 1 1 0 1 1 0 0 0 0 1 1 1 1 0 0 0 0 1 0 1 1 0 0 0 1 0 0 1 0 1 1 1 1 0 1 1 0 1 1 0 0 1 0 0 0 1 1 0 0 1 1 1 1 1 0 1 1 0 0 1 0 1 1 0 0 0 0 1 0 1 0 1 1 0 1 1 1 0 0 1 0 1 1 0 0 0 1 0 0 1 1 0 0 0 0 0 1 0 0 1 1 0 0 0
0 1 1 0 0 1 0 0 0 1 0 0 1 0 1 1 1 0 1 1 0 1 0 1 1 0 1 0 0 0 0 1 1 0 0 1 1 1 0 0 0 0 0 1 1 0 1 1 0 1 0 0 0 0 0 0 1 0 0 0 1 1 1 0 0 0 0 1 0 1 0 0 1 1 1 0 0 1 0 1 1 1 0 0 0 1 0 0 0 0 1 0 1 0 1 1 1 1 1 1 0 1 1 1 0 1 1 0 0 1 1 0 0 1 0 1 0 0 1 0 1 1 1 1 0 0 1 1
1 0 0 1 1 0 0 0 1 0 0 0 1 1 0 1 1 0 0 1 1 0 0 1 0 1 1 0 0 0 0 0 0 0 0 1 1 1 1 1 0 0 1 0 1 0 1 1 1 0 0 1 1 1 0 0 0 1 0 1 1 1 1 1 1 1 1 0 1 1 0 0 0 0 1 0 0 1 0 0 0 0 0 0 0 1 1 0 0 0 0 1 0 0 1 0 0 1 0 0 0 0 1 1 1 1 1 0 0 0 1 0 1 1 1 0 1 1 1 1 1 0 1 0 1 1 1 1
0 0 0 0 0 0 0 1 0 0 0 0 0 1 0 0 1 0 0 1 0 0 1 0 0 0 0 0 0 0 1 0 1 0 1 0 0 0 0 0 0 1 1 0 1 0 0 0 1 0 0 1 0 0 0 1 1 0 0 1 1 0 1 1 1 1 0 1 0 1 0 0 0 0 0 1 1 0 1 0 0 1 0 1 1 0 0 0 1 0 1 0 1 1 1 0 0 1 1 1 1 0 1 0 1 0 1 1 0 1 1 0 1 0 0 1 0 1 1 0 0 0 1 1 0 1 1 0
0 0 1 0 0 1 0 1 1 1 1 1 1 1 1 0 1 1 0 0 0 1 1 0 0 1 1 1 1 1 1 0 1 0 1 0 0 1 1 1 1 1 0 1 1 0 1 1 1 1 1 1 0 1 1 0 0 1 0 0 1 0 0 1 1 0 1 1 0 1 0 1 1 1 1 0 1 1 1 0 0 0 0 0 0 1 0 1 0 1 0 0 0 1 1 0 1 1 0 1 0 1 0 1 1 0 1 0 0 1 0 1 1 0 0 0 1 0 0 1 1 0 0 0 0 1 0 1
1 0 0 0 1 0 0 0 1 0 1 0 0 0 1 0 0 1 1 0 1 0 1 0 1 1 1 0 1 0 0 0 0 1 0 0 1 1 0 1 1 0 0 1 1 1 0 1 0 0 0 1 1 1 0 1 0 1 0 0 1 0 1 1 1 0 0 1 0 1 0 0 1 1 1 0 0 0 0 0 1 0 0 0 1 0 0 1 1 1 0 0 1 0 0 1 1 0 1 1 0 0 0 1 1 0 1 1 0 1 0 0 1 0 0 0 0 1 1 1 1 0 1 0 0 0 1 1
0 0 1 0 0 1 1 0 1 1 1 1 1 1 1 0 1 0 1 1 1 1 1 1 0 0 0 0 1 1 0 1 0 1 0 1 0 0 0 1 1 1 1 1 0 1 1 1 1 1 1 0 1 1 0 1 1 1 0 0 0 0 1 1 0 1 0 0 1 0 0 1 0 0 1 1 0 1 0 1 1 0 0 0 1 1 1 1 0 1 1 0 0 1 1 0 1 1 0 0 0 1 1 0 0 1 1 1 0 0 0 1 0 0 1 1 1 1 0 0 0 0 1 1 0 0 1 0
0 0 0 1 0 0 1 1 1 1 1 0 0 0 1 0 0 1 0 0 1 1 0 0 1 1 0 0 0 0 0 0 0 0 0 1 0 0 1 0 0 1 1 0 0 0 0 1 0 1 1 0 0 0 0 1 1 0 1 1 1 0 1 1 0 1 1 1 0 0 1 1 0 1 0 0 1 1 1 0 1 1 0 1 1 0 0 1 0 1 0 1 1 1 0 0 0 1 1 0 0 1 0 0 0 0 0 1 1 1 1 1 1 1 0 0 1 1 0 0 0 0 1 1 1 1 0 1
1 0 0 0 1 1 1 0 0 0 0 0 1 0 1 1 1 0 0 0 1 0 1 0 0 1 0 0 1 1 1 0 0 1 1 1 1 1 1 0 0 0 0 0 0 1 1 1 0 1 1 0 1 1 0 1 0 0 0 1 0 0 1 1 0 1 0 0 1 1 0 1 0 1 1 1 0 1 0 1 1 0 1 0 1 1 0 0 0 1 0 0 0 0 1 1 0 1 1 1 1 0 1 0 0 1 0 1 0 1 1 1 1 0 1 1 0 1 1 1 1 1 1 0 0 1 1 1
1 0 1 0 0 1 0 1 0 0 0 1 0 0 1 0 1 0 0 0 1 1 1 1 0 0 0 1 1 0 1 0 1 1 1 1 1 1 1 1 1 0 1 0 0 0 0 1 0 1 0 1 0 0 1 0 0 0 1 0 0 0 0 1 0 0 1 0 1 1 0 1 0 0 0 1 1 0 1 1 0 0 0 0 0 0 0 0 1 1 0 1 1 1 0 0 1 1 0 1 0 0 1 0 1 1 0 1 0 0 1 0 0 1 0 1 0 0 0 0 0 0 1 0 1 1 0 0
1 0 1 1 1 1 1 1 1 1 0 0 1 1 0 0 1 1 0 1 0 0 1 1 1 1 1 0 0 1 1 0 1 0 1 0 1 1 0 0 0 1 1 1 1 0 0 0 1 0 1 1 0 1 0 1 1 1 0 1 0 1 1 0 0 0 1 1 1 0 0 0 0 1 1 0 1 0 0 0 1 1 0 1 0 1 1 1 0 0 0 1 1 0 0 0 0 1 0 0 1 0 1 1 1 1 0 1 1 0 1 0 1 1 0 0 1 0 1 1 1 0 0 0 0 0 0 0
1 0 0 1 0 1 0 1 1 1 1 0 1 0 0 1 1 1 1 1 1 1 1 0 1 1 0 0 0 1 1 1 0 0 0 0 1 0 1 1 1 1 1 1 0 1 1 0 0 0 0 1 1 0 0 0 0 0 1 1 0 1 0 0 0 0 0 1 0 1 1 0 0 1 1 1 1 0 0 1 0 1 1 1 0 0 1 1 0 0 0 0 1 0 0 0 0 1 1 0 0 1 1 0 0 0 1 0 0 1 1 1 1 1 0 0 0 0 1 0 1 1 1 1 1 0 0 0
1 0 1 0 0 0 0 1 0 1 0 1 0 1 0 1 1 1 1 0 0 0 1 1 0 0 1 1 0 1 1 0 1 1 1 0 1 0 1 1 0 0 0 0 1 0 1 1 0 1 0 1 0 0 1 0 0 0 0 0 0 0 0 0 0 0 1 0 1 0 0 0 0 0 1 1 0 1 1 1 0 1 0 1 0 0 1 1 0 1 0 1 0 0 0 0 0 1 0 0 0 0 1 1 0 1 0 0 1 0 0 1 0 1 1 0 1 0 1 1 1 0 1 1 0 1 1 0
1 0 1 0 1 1 1 0 1 1 0 1 1 0 1 0 1 0 1 0 1 1 0 1 1 0 1 1 0 1 1 1 1 0 1 1 1 0 1 1 0 0 1 1 1 0 1 1 1 0 0 1 1 1 1 0 0 1 0 0 0 1 0 0 0 1 0 0 1 0 1 0 0 1 1 1 1 1 0 0 0 1 0 0 1 1 0 0 0 0 1 1 1 1 1 1 0 0 1 0 0 1 0 0 1 1 1 1 1 1 0 1 1 0 1 0 1 0 1 1 0 0 1 0 0 0 0 0
0 1 0 1 1 0 1 0 1 1 1 1 1 0 0 1 0 0 0 1 1 0 1 1 1 0 0 0 1 1 1 0 1 1 0 1 1 0 0 0 0 1 0 1 0 1 0 1 0 1 1 1 0 1 0 1 0 0 1 1 0 1 1 1 1 0 0 0 1 0 0 1 0 1 0 1 1 0 1 1 0 1 0 0 0 1 0 0 0 1 0 0 0 1 1 1 1 1 0 1 1 1 0 1 0 1 0 0 1 1 1 0 0 1 0 1 1 0 1 1 0 0 1 1 1 0 0 0
1 0 0 1 1 0 0 0 1 0 0 1 1 0 0 1 0 1 0 1 0 0 1 1 0 0 1 0 0 1 1 0 1 1 0 1 0 1 1 0 0 0 1 0 0 1 0 1 1 0 1 1 0 1 0 1 1 1 1 0 0 1 1 0 1 1 1 1 1 1 1 0 1 0 0 1 0 0 0 0 0 1 1 0 1 0 0 0 1 1 0 1 0 1 1 1 0 1 0 0 0 1 1 0 1 1 0 0 0 1 0 0 0 1 1 1 0 1 1 1 0 1 0 1 1 1 0 0
0 1 0 1 0 0 1 1 1 0 0 1 0 0 1 1 0 0 0 1 1 1 1 0 0 1 0 1 0 1 0 0 0 0 1 0 1 1 1 0 0 1 1 1 0 1 1 0 1 1 0 0 1 1 0 1 1 1 0 0 0 0 1 0 0 1 1 1 1 0 0 1 1 0 1 0 1 1 0 1 0 0 1 0 0 1 1 1 1 0 1 0 1 1 0 0 1 1 0 1 1 0 0 1 0 1 1 0 0 1 0 1 0 0 0 1 1 0 0 1 1 0 0 1 0 1 0 1
0 0 1 0 1 0 1 1 1 0 1 1 1 1 1 1 0 0 1 0 1 1 1 1 0 0 0 1 0 0 0 0 1 0 1 1 1 0 1 1 1 0 0 1 1 1 1 0 1 1 1 1 0 1 0 1 0 0 1 0 0 1 1 0 1 0 0 0 1 1 1 1 0 0 0 1 0 1 1 0 1 0 1 1 0 1 1 0 0 1 1 1 0 1 0 0 1 0 0 1 0 1 1 0 1 1 1 0 0 0 0 0 1 1 1 0 1 1 0 0 0 0 0 0 1 0 0 1
0 1 0 1 1 1 1 1 0 0 0 0 1 1 0 1 1 1 1 0 1 0 0 1 1 0 0 0 0 0 1 1 1 1 1 1 0 1 1 0 0 1 1 1 1 0 0 0 1 0 0 0 0 0 1 1 0 1 1 0 0 0 0 1 0 0 0 0 1 1 1 0 0 1 0 0 1 1 1 0 1 0 0 0 0 1 0 1 0 1 1 0 1 1 1 0 1 1 1 1 1 0 0 0 0 1 1 0 0 1 0 1 0 1 0 0 0 1 1 1 1 1 1 1 1 1 1 1
0 1 0 0 1 1 0 0 1 1 0 0 1 0 1 1 0 0 1 1 0 1 1 0 1 1 0 1 0 1 0 0 0 1 0 1 1 1 1 1 0 0 0 1 1 0 1 1 1 1 0 1 0 1 0 1 1 0 1 1 0 0 0 0 0 1 0 1 1 1 0 1 0 0 1 0 1 1 0 0 0 0 0 0 0 0 1 1 1 0 0 0 0 0 0 0 0 0 1 0 1 1 0 1 0 0 1 1 1 1 1 0 1 0 0 1 0 1 0 1 0 0 1 1 0 1 1 0
1 1 1 1 1 1 0 1 0 0 1 1 1 1 1 0 1 1 1 1 1 1 1 0 0 0 1 1 1 0 1 0 0 0 0 0 1 0 1 1 1 1 1 0 0 1 0 1 1 0 0 0 0 0 1 1 0 1 0 0 0 0 1 1 0 1 0 0 1 1 1 1 1 1 1 0 0 1 1 1 0 0 1 1 1 0 1 0 0 1 1 0 0 0 0 0 0 0 1 1 1 1 1 0 0 0 1 0 0 0 1 0 1 1 0 1 0 0 0 0 1 0 0 0 1 0 0 1
33 106 1
104 5 0
7 94 0
94 17 1
39 54 0
34 74 0
55 112 1
128 110 0
106 5 0
65 99 1
16 29 0
106 92 1
33 56 1
57 47 0
86 53 0
119 64 1
74 115 0
118 37 0
60 94 1
66 48 0
41 1 0
79 96 0
81 71 0
21 31 0
121 43 1
23 121 1
34 20 0
10 16 1
25 72 0
117 71 0
83 50 0
8 90 1
30 47 0
56 41 1
13 7 1
112 27 1
64 97 1
122 15 1
63 13 1
72 125 0
74 3 1
25 9 0
123 30 1
34 81 1
22 52 0
113 11 1
107 126 0
21 79 0
77 58 0
51 98 1
52 24 0
36 95 1
69 78 1
91 113 0
29 89 1
35 1 1
52 17 1
128 55 1
38 69 0
12 41 1
5 84 0
115 1 1
105 2 1
124 128 1
73 127 0
37 35 0
120 83 0
82 53 1
90 2 1
31 75 0
20 69 1
51 31 0
74 51 0
27 126 0
9 88 0
61 124 0
27 86 1
101 29 1
85 72 1
38 21 0
66 46 0
68 10 1
86 101 1
69 42 0
32 94 0
26 12 0
122 58 1
86 77 1
107 95 1
115 70 1
62 79 1
61 46 0
95 33 1
70 19 0
41 82 1
15 116 0
80 34 0
91 32 1
114 33 0
28 19 0
65 9 1
122 62 1
79 116 0
56 54 0
15 20 1
122 1 0
95 99 0
125 122 0
76 40 0
43 120 0
112 6 1
94 10 0
72 108 1
11 13 0
82 81 1
58 29 1
32 19 1
86 108 0
73 7 0
86 29 0
103 63 0
37 127 0
102 85 0
54 7 0
99 77 1
28 86 0
84 87 0
117 4 0
25 71 0
92 110 0
117 49 1
98 90 0
4 110 1
110 114 0
113 22 0
39 8 1
40 72 1
76 57 1
46 44 1
1 120 0
52 76 0
80 128 1
109 87 1
9 121 1
47 42 0
72 27 0
13 52 1
103 128 1
62 117 1
121 100 0
92 121 1
107 87 1
118 125 0
62 88 0
38 30 1
23 86 0
44 27 1
68 82 1
100 68 1
62 71 1
15 81 0
109 39 0
83 47 0
38 111 1
10 87 0
67 26 1
102 98 0
36 49 0
111 117 1
92 5 0
53 109 1
83 27 1
97 60 1
105 28 1
18 81 0
115 19 0
92 54 0
14 46 0
83 47 0
121 48 0
36 80 0
54 64 0
87 126 1
111 31 1
33 24 0
3 39 0
25 98 0
19 15 0
88 61 1
2 42 1
29 54 1
101 17 1
111 21 1
93 95 1
55 58 0
98 96 0
81 47 0
69 14 0
100 67 0
6 26 0
110 72 1
114 59 0
41 60 0
51 31 0
60 56 0
119 4 1
83 26 1
46 86 1
109 91 1
123 122 1
50 94 1
46 1 1
89 30 0
45 83 1
58 53 1
106 45 0
27 72 0
71 93 1
110 20 0
57 85 0
61 36 0
50 76 1
27 125 1
46 55 1
85 93 1
116 99 1
51 22 0
113 86 0
80 20 1
123 9 1
88 43 0
99 32 0
114 62 0
51 63 1
49 43 0
53 52 0
111 36 1
2 88 0
118 54 1
16 128 0
76 59 0
95 11 1
85 50 0
47 78 0
5 19 1
53 86 1
128 94 0
7 42 0
76 38 0
33 91 1
58 3 1
119 20 0
13 105 0
89 73 0
120 49 1
75 116 0
80 128 0
80 123 0
85 110 0
22 115 1
88 59 1
29 86 0
65 12 1
122 4 1
102 18 0
82 121 1
69 46 0
103 37 1
83 25 0
10 83 1
127 52 0
104 118 1
11 22 1
91 60 0
124 41 0
49 93 1
120 114 0
41 16 1
50 64 0
107 66 0
105 111 1
54 103 1
75 88 0
98 64 0
32 65 1
99 69 1
64 117 0
118 108 0
42 32 0
72 127 0
122 89 1
61 77 0
38 57 0
16 105 0
121 11 1
83 74 1
108 17 1
107 125 1
117 127 1
22 1 0
104 92 1
75 106 0
74 23 1
60 76 1
104 3 0
52 30 0
68 112 0
80 34 1
96 55 1
4 81 0
63 39 0
121 87 1
81 61 0
57 36 1
115 117 0
120 3 0
77 90 1
89 122 0
3 117 1
83 127 1
127 90 1
41 13 0
64 60 1
82 11 0
68 29 1
105 49 0
88 25 1
98 113 0
6 50 1
47 21 0
93 67 0
76 107 0
123 19 1
116 27 1
32 99 1
128 79 1
12 118 1
80 19 1
58 58 1
20 68 0
24 5 1
61 95 1
6 95 1
85 104 1
110 40 0
110 13 0
88 74 0
44 128 0
28 78 0
69 101 0
84 24 0
76 43 0
116 95 0
100 34 0
25 34 1
106 44 0
44 112 1
86 77 1
110 114 1
103 83 0
83 71 1
116 84 0
29 92 0
118 110 0
121 11 0
15 61 1
57 51 1
38 116 0
72 69 1
3 100 0
127 31 1
38 99 0
50 27 1
105 3 0
47 91 0
102 125 1
91 89 1
84 14 1
111 7 1
79 3 1
79 128 1
41 83 1
61 105 1
9 122 0
20 93 0
82 127 1
118 75 0
87 69 1
72 38 0
9 27 1
57 47 0
11 110 0
89 39 0
80 30 0
35 17 1
19 118 1
83 107 1
36 10 0
55 104 0
108 49 0
103 35 1
120 9 0
23 72 0
102 5 1
104 102 1
75 15 1
75 7 1
59 67 0
36 109 0
88 52 0
38 102 1
122 30 0
50 127 1
99 23 1
41 9 1
63 67 1
40 23 1
51 39 1
40 81 1
25 7 1
118 67 1
47 124 1
36 83 0
113 70 1
6 83 1
30 50 0
64 52 0
97 30 1
1 93 1
119 30 0
62 4 0
54 50 1
92 113 0
86 49 1
47 100 0
105 46 1
77 17 1
58 12 0
58 73 1
90 39 0
33 31 0
12 81 1
107 65 0
3 70 0
78 68 0
105 16 0
48 98 0
3 85 0
67 65 0
85 8 0
25 18 0
19 31 1
83 54 1
94 86 1
47 63 0
69 58 0
65 64 0
28 48 0
86 99 0
53 90 1
43 55 0
90 101 1
30 55 0
127 21 1
96 76 1
17 120 0
60 39 1
114 67 0
30 6 1
8 27 0
24 19 0
125 19 0
40 117 1
25 80 0
78 85 0
21 19 0
4 17 1
1 13 1
52 19 0
118 3 0
81 125 1
17 114 1
126 102 0
122 63 1
46 34 0
77 75 1
100 112 1
21 27 0
61 68 0
107 69 0
127 7 0
109 15 1
45 12 0
3 116 1
98 54 1
5 34 1
80 92 1
107 102 0
26 17 1
123 104 1
